145.2 5.1  15  2021041100
144.5 5.1  15  2021041106
143.8 5.3  20  2021041112
143.0 5.6  20  2021041118
142.2 5.8  20  2021041200
141.4 6.1  20  2021041206
140.9 6.9  20  2021041212
139.7 7.3  20  2021041218
138.5 7.3  20  2021041300
137.8 7.5  20  2021041306
137.8 7.9  25  2021041312
137.8 8.2  30  2021041318
137.7 8.5  35  2021041400
137.3 8.8  35  2021041406
137.1 8.8  35  2021041412
136.8 8.9  45  2021041418
136.6 8.9  50  2021041500
136.6 8.9  50  2021041500
136.3 8.9  50  2021041506
136.3 8.9  50  2021041506
135.7 8.8  60  2021041512
135.7 8.8  60  2021041512
135.2 8.6  65  2021041518
135.2 8.6  65  2021041518
135.2 8.6  65  2021041518
134.6 8.9  75  2021041600
134.6 8.9  75  2021041600
134.6 8.9  75  2021041600
133.7 9.1  80  2021041606
133.7 9.1  80  2021041606
133.7 9.1  80  2021041606
132.9 9.5  95  2021041612
132.9 9.5  95  2021041612
132.9 9.5  95  2021041612
132.1 10.0  115  2021041618
132.1 10.0  115  2021041618
132.1 10.0  115  2021041618
131.1 10.7  120  2021041700
131.1 10.7  120  2021041700
131.1 10.7  120  2021041700
130.2 11.3  140  2021041706
130.2 11.3  140  2021041706
130.2 11.3  140  2021041706
129.2 12.0  155  2021041712
129.2 12.0  155  2021041712
129.2 12.0  155  2021041712
128.4 12.6  165  2021041718
128.4 12.6  165  2021041718
128.4 12.6  165  2021041718
127.7 13.2  150  2021041800
127.7 13.2  150  2021041800
127.7 13.2  150  2021041800
127.2 13.5  135  2021041806
127.2 13.5  135  2021041806
127.2 13.5  135  2021041806
126.8 13.6  125  2021041812
126.8 13.6  125  2021041812
126.8 13.6  125  2021041812
126.6 13.9  120  2021041818
126.6 13.9  120  2021041818
126.6 13.9  120  2021041818
126.4 14.2  125  2021041900
126.4 14.2  125  2021041900
126.4 14.2  125  2021041900
126.3 14.5  125  2021041906
126.3 14.5  125  2021041906
126.3 14.5  125  2021041906
126.3 14.8  120  2021041912
126.3 14.8  120  2021041912
126.3 14.8  120  2021041912
126.3 15.1  115  2021041918
126.3 15.1  115  2021041918
126.3 15.1  115  2021041918
126.2 15.4  115  2021042000
126.2 15.4  115  2021042000
126.2 15.4  115  2021042000
126.0 15.8  115  2021042006
126.0 15.8  115  2021042006
126.0 15.8  115  2021042006
125.9 16.4  120  2021042012
125.9 16.4  120  2021042012
125.9 16.4  120  2021042012
125.6 16.9  120  2021042018
125.6 16.9  120  2021042018
125.6 16.9  120  2021042018
125.2 17.5  120  2021042100
125.2 17.5  120  2021042100
125.2 17.5  120  2021042100
124.9 18.1  120  2021042106
124.9 18.1  120  2021042106
124.9 18.1  120  2021042106
124.8 18.8  115  2021042112
124.8 18.8  115  2021042112
124.8 18.8  115  2021042112
124.8 19.3  105  2021042118
124.8 19.3  105  2021042118
124.8 19.3  105  2021042118
124.9 19.7  100  2021042200
124.9 19.7  100  2021042200
124.9 19.7  100  2021042200
125.4 20.3  90  2021042206
125.4 20.3  90  2021042206
125.4 20.3  90  2021042206
126.1 21.0  90  2021042212
126.1 21.0  90  2021042212
126.1 21.0  90  2021042212
127.0 21.6  80  2021042218
127.0 21.6  80  2021042218
127.0 21.6  80  2021042218
128.0 22.2  75  2021042300
128.0 22.2  75  2021042300
128.0 22.2  75  2021042300
129.2 23.0  65  2021042306
129.2 23.0  65  2021042306
129.2 23.0  65  2021042306
129.9 23.3  60  2021042312
129.9 23.3  60  2021042312
130.5 23.2  55  2021042318
130.5 23.2  55  2021042318
131.2 23.0  45  2021042400
131.9 22.7  45  2021042406
132.9 22.2  40  2021042412
134.1 21.7  40  2021042418
